Abbas 01/12/2003 41 18 0 39000 0
Abhisek 01/02/2001 41 18 1 39000 0
Abraham 01/05/2012 28 7 0 33500 0
Acharya 01/07/2007 44 8 0 34000 0
Aditi 01/02/2000 32 6 0 33000 0
Afshar 01/04/2007 31 3 0 31500 0
Agrawal 01/09/2004 25 3 1 31500 0
Ahmad 01/05/2010 35 8 0 34000 0
Aidan 01/11/2016 60 30 1 50000 0
Aissa 01/09/2009 46 17 1 38500 0
Ajay 01/06/2007 26 2 1 31000 0
Ajit 01/12/2004 43 19 1 39500 0
Ajith 01/07/2015 36 10 0 35000 0
Akhil 01/05/2005 29 2 1 31000 0
Alam 01/12/2000 37 9 0 34500 0
Alexandar 01/11/2008 28 3 0 31500 0
Ali 01/10/2006 30 9 0 34500 0
Alli 01/02/2015 23 3 1 31500 0
Amandeep 01/11/2015 55 11 1 35500 0
Ambika 01/06/2011 41 5 0 32500 0
Amit 01/08/2010 53 21 0 40500 0
Amita 01/12/2008 45 21 0 40500 0
Amitabh 01/09/2006 63 2 0 36000 0
Ammisetty 01/04/2005 41 6 0 33000 0
Ananthi 01/04/2000 39 16 0 38000 0
Anbazhagan 01/01/2005 39 5 1 32500 0
Anil 01/01/2015 31 8 0 34000 0
Anila 01/12/2000 64 24 1 47000 0
Anjit 01/01/2011 54 33 0 46500 0
Ankita 01/12/2006 62 35 1 52500 0
Annamalai 01/09/2014 37 3 0 31500 0
Annegowda 01/01/2015 25 2 0 31000 0
Anshu 01/12/2011 43 2 0 31000 0
Antony 01/08/2001 44 3 1 31500 0
Anu 01/12/2014 55 11 1 35500 0
Anupam 01/01/2007 26 5 1 32500 0
Anwesha 01/06/2017 39 14 0 37000 0
Appavu 01/01/2012 36 15 0 37500 0
Aradhya 01/05/2016 57 31 1 45500 0
Arence 01/07/2016 59 30 0 45000 0
Arnab 01/03/2006 32 5 0 32500 0
Arshad 01/10/2000 44 5 0 32500 0
Arulselvi 01/11/2011 49 2 1 31000 0
Arumugaperumal 01/10/2005 33 13 0 36500 0
Arun 01/06/2016 38 17 0 38500 0
Arunnehru 01/09/2007 56 18 0 39000 0
Arunprasath 01/01/2007 58 27 1 43500 0
Arya 01/05/2008 25 2 0 31000 0
Ashish 01/03/2016 50 29 0 44500 0
Ashraf 01/07/2001 47 20 1 40000 0
Aswani 01/12/2001 34 7 1 33500 0
Atique 01/05/2015 37 11 1 35500 0
Augasta 01/08/2009 23 2 0 31000 0
Aung 01/03/2003 37 16 1 38000 0
Avdhesh 01/05/2004 40 2 0 31000 0
Azadeh 01/05/2007 61 4 1 37000 0
Balaji 01/04/2014 38 9 0 34500 0
Balamurugan 01/08/2017 58 31 1 45500 0
Balaraja 01/10/2005 42 8 1 34000 0
Balasubramaniam 01/07/2013 40 20 1 40000 0
Baluchamy 01/07/2008 36 11 0 35500 0
Bandyopadhyay 01/11/2003 60 38 1 54000 0
Bani 01/03/2008 50 29 0 44500 0
Bansal 01/05/2014 60 3 0 36500 0
Barnela 01/10/2005 25 5 1 32500 0
Baskaran 01/11/2006 36 6 1 33000 0
Basu 01/10/2015 65 42 1 56000 0
Bel 01/07/2001 27 2 1 31000 0
Benahmed 01/04/2011 36 2 0 31000 0
Betina 01/07/2008 22 2 0 31000 0
Beulah 01/09/2004 54 2 1 31000 0
Bhagavathy 01/12/2017 45 18 1 39000 0
Bhanu 01/02/2005 34 2 0 31000 0
Bharadwaj 01/07/2000 57 26 1 43000 0
Bharathi 01/12/2015 57 6 0 33000 0
Bharti 01/03/2000 53 28 0 44000 0
Bhattacharya 01/09/2003 37 16 1 38000 0
Bhattacharyya 01/05/2007 61 19 0 44500 0
Bhaumik 01/11/2003 52 28 0 44000 0
Bhujangaiah 01/08/2017 49 3 1 31500 0
Bhuvana 01/07/2011 38 4 1 32000 0
Bhuvaneshwari 01/11/2002 47 5 0 32500 0
Bhuvaneswari 01/11/2013 57 34 0 47000 0
Bijay 01/09/2007 48 13 0 36500 0
Biswas 01/07/2004 50 3 1 31500 0
Blessa 01/08/2014 55 9 0 34500 0
Bouaguel 01/11/2006 36 15 1 37500 0
Brahmachari 01/03/2003 42 15 0 37500 0
Braja 01/05/2012 64 42 1 56000 0
Butchiraju 01/08/2015 33 13 1 36500 0
Chadhran 01/11/2006 41 21 0 40500 0
Chamundeswari 01/04/2012 48 21 0 40500 0
Chandana 01/12/2011 59 21 0 40500 0
Chandrasekhar 01/08/2017 48 11 0 35500 0
Chanisara 01/02/2017 42 5 0 32500 0
Chauhan 01/07/2013 58 25 1 42500 0
Chavan 01/11/2000 26 6 1 33000 0
Chellappan 01/07/2008 27 7 1 33500 0
Chennamsetti 01/11/2005 30 2 0 31000 0
Cheong 01/10/2009 61 22 0 46000 0
Cherkaoui 01/01/2000 43 6 0 33000 0
Cherukuri 01/06/2012 42 17 0 38500 1
Chhaya 01/11/2010 44 12 1 36000 1
Chinju 01/11/2013 51 6 0 33000 1
Chinnasamy 01/12/2010 35 13 0 36500 1
Chinta 01/04/2006 46 25 1 42500 1
Chithra 01/12/2006 44 22 1 41000 1
Chitra 01/08/2013 51 13 0 36500 1
Chitralegha 01/09/2008 39 15 0 37500 1
Chomya 01/12/2008 55 10 1 35000 1
Choudhary 01/11/2014 41 5 1 32500 1
Clement 01/02/2015 51 9 0 34500 1
Cynthia 01/12/2004 39 17 0 38500 1
Dahiya 01/04/2012 41 14 0 37000 1
Danti 01/11/2002 57 3 0 31500 1
Das 01/05/2016 28 3 0 31500 1
Dasgupta 01/09/2017 32 8 0 34000 1
Dastidar 01/01/2007 54 34 1 47000 1
Datta 01/01/2015 63 36 1 53000 1
Deb 01/11/2015 51 7 1 33500 1
Deepak 01/03/2001 52 29 0 44500 1
Deepali 01/01/2001 35 2 1 31000 1
Deepthi 01/06/2010 34 3 0 31500 1
Devi 01/07/2013 59 30 0 45000 1
Dewan 01/12/2003 52 23 0 41500 1
Dhanalakshmi 01/07/2008 34 7 1 33500 1
Dhanushkodi 01/01/2001 53 10 1 35000 1
Dharma 01/08/2003 54 22 0 41000 1
Dhavamany 01/11/2005 46 20 0 40000 1
Dhruba 01/08/2014 38 7 0 33500 1
Dilip 01/07/2014 49 6 0 33000 1
Dinakaran 01/03/2000 33 12 1 36000 1
Dipankar 01/05/2016 22 2 0 31000 1
Divakar 01/09/2001 58 35 1 47500 1
Divya 01/03/2007 53 28 0 44000 1
Dorai 01/04/2013 25 2 0 31000 1
Dorairaj 01/09/2001 47 9 1 34500 1
Douiri 01/12/2004 48 22 1 41000 1
Duane 01/08/2017 61 9 0 39500 1
Durairaj 01/08/2005 25 5 0 32500 1
Dutta 01/06/2010 48 10 0 35000 1
Dwivedi 01/11/2003 59 35 0 47500 1
Ebenezer 01/10/2010 54 28 0 44000 1
Edwin 01/10/2003 46 12 0 36000 1
Egambaram 01/02/2006 64 40 1 55000 1
Elakkiya 01/12/2001 46 13 1 36500 1
Elango 01/11/2017 25 2 1 31000 1
Elayaraja 01/05/2009 59 5 0 32500 1
Ephzibah 01/07/2015 65 33 1 51500 1
Essoussi 01/02/2015 48 20 0 40000 1
Ezhilarasan 01/10/2009 56 7 1 33500 1
Ezhilarasi 01/06/2002 47 15 0 37500 1
Faisal 01/08/2013 22 2 1 31000 1
Fathima 01/04/2006 22 2 1 31000 1
Fatma 01/08/2012 56 7 1 33500 1
Femilda 01/05/2005 23 2 1 31000 1
Flemi 01/01/2008 46 18 1 39000 1
Francis 01/09/2007 63 8 1 39000 1
Gadiraju 01/03/2012 40 8 0 34000 1
Gahlawat 01/06/2013 47 7 0 33500 1
Gajawada 01/01/2016 63 22 0 46000 1
Gandhimathi 01/08/2002 37 9 1 34500 1
Ganesan 01/09/2017 58 22 0 41000 1
Ganeshan 01/12/2016 39 15 0 37500 1
Ganga 01/05/2002 38 6 0 33000 1
Gangadharan 01/12/2003 56 17 0 38500 1
Gangwal 01/10/2008 47 20 0 40000 1
Garg 01/07/2006 34 11 0 35500 1
Gayathri 01/08/2001 46 12 0 36000 1
Gayathry 01/12/2002 36 5 1 32500 1
Geetha 01/06/2011 54 20 1 40000 1
Genish 01/05/2007 41 2 1 31000 1
George 01/06/2009 46 11 1 35500 1
Gethsiyal 01/11/2000 49 19 1 39500 1
Ghazi 01/12/2006 53 33 1 46500 1
Ghosh 01/02/2000 39 16 1 38000 1
Gnanajothi 01/01/2006 53 8 0 34000 1
Gnanapragasam 01/10/2006 56 5 1 32500 1
Gnanaraj 01/03/2017 25 2 1 31000 1
Gobinath 01/11/2008 55 29 0 44500 1
Gokulakrishnan 01/11/2010 24 3 0 31500 1
Gomathi 01/10/2000 56 22 0 41000 1
Gopal 01/07/2003 27 7 1 33500 1
Gopala 01/01/2000 53 8 1 34000 1
Gounder 01/04/2005 54 33 0 46500 1
Govardhan 01/01/2000 65 32 1 51000 1
Gowri 01/12/2000 65 35 0 52500 1
Gowsalya 01/12/2011 65 3 0 36500 1
Gowtham 01/07/2010 34 13 1 36500 1
Gratus 01/01/2013 35 9 0 34500 1
Gudivada 01/08/2010 34 3 0 31500 1
Guirguis 01/12/2008 63 18 1 44000 1
Gupta 01/09/2017 53 11 1 35500 1
Gurpreet 01/08/2005 42 2 1 31000 1
Guru 01/05/2001 38 2 0 31000 1
Hamid 01/03/2004 38 6 1 33000 1
Hannah 01/01/2003 30 5 1 32500 1
Hardik 01/03/2016 28 5 0 32500 1
Hari 01/05/2017 41 13 0 36500 1
Haritha 01/11/2016 25 5 1 32500 1
Harleen 01/04/2000 34 9 1 34500 1
Harriet 01/08/2010 52 6 1 33000 1
Hasija 01/02/2015 61 20 1 45000 1
Hee 01/03/2015 34 8 1 34000 1
Hema 01/04/2016 36 9 1 34500 1
Hemalatha 01/05/2004 65 19 0 44500 1
Hemant 01/06/2009 44 3 0 31500 1
Hima 01/08/2000 35 9 0 34500 1
Hrishikesh 01/04/2016 44 21 0 40500 1
Hui 01/12/2002 22 2 1 31000 1
Ilango 01/02/2015 32 7 0 33500 1
Ilavarasan 01/06/2001 32 5 0 32500 1
Inbarani 01/02/2003 32 6 1 33000 1
Indhumathi 01/09/2010 51 25 1 42500 1
Isaac 01/08/2008 35 8 0 34000 1
Ishan 01/09/2013 25 5 0 32500 1
Jabert 01/09/2012 52 28 1 44000 1
Jacob 01/01/2013 41 15 1 37500 1
Jafar 01/01/2001 47 6 0 33000 1
Jaiswal 01/01/2014 32 9 0 34500 1
Janarthanan 01/11/2001 62 9 0 39500 1
Jayakanthan 01/08/2009 26 2 0 31000 1
Jayapal 01/04/2001 52 32 1 46000 1
Jayasimman 01/09/2008 61 39 1 54500 1
Jebakumari 01/05/2012 33 6 0 33000 1
Jeethu 01/12/2003 43 2 0 31000 1
Jeeva 01/11/2003 45 21 0 40500 1
Jeevan 01/11/2015 43 9 1 34500 1
Jeya 01/02/2007 55 35 0 47500 1
Jeyarani 01/03/2001 65 31 1 50500 1
Jha 01/04/2004 32 5 1 32500 1
Jiji 01/12/2000 49 28 1 44000 1
Jitendra 01/12/2005 65 24 0 47000 1
Jithin 01/01/2002 31 4 0 32000 1
Jlaiel 01/12/2004 55 27 1 43500 1
John 01/09/2012 61 36 1 53000 1
Jose 01/07/2017 49 15 1 37500 1
Joseph 01/12/2001 46 15 0 37500 1
Joshi 01/07/2002 47 17 1 38500 1
Jothi 01/04/2010 65 11 1 40500 1
Juneja 01/08/2005 50 6 0 33000 1
Kadhim 01/02/2010 60 10 0 40000 1
Kadirvelu 01/04/2002 49 10 1 35000 1
Kalai 01/03/2006 23 3 0 31500 1
Kalaiselvi 01/01/2001 44 11 1 35500 1
Kalaivani 01/02/2017 23 2 1 31000 1
Kalavathi 01/03/2010 62 6 0 38000 1
Kamal 01/07/2016 63 14 1 42000 1
Kanduri 01/02/2000 23 2 1 31000 1
Kannan 01/04/2012 40 8 0 34000 1
Karmakar 01/01/2009 52 3 1 31500 1
Karpagam 01/05/2013 56 21 0 40500 1
Karthick 01/04/2012 34 14 0 37000 1
Karthigai 01/12/2013 29 3 1 31500 1
Karthikeyan 01/02/2008 25 2 0 31000 1
Karuppana 01/02/2008 52 15 0 37500 1
Karuppanagounder 01/11/2015 46 22 1 41000 1
Kasun 01/08/2004 28 5 1 32500 1
Kathirvalavakumar 01/12/2009 52 24 1 42000 1
Kathrotia 01/12/2012 40 5 0 32500 1
Katiravan 01/03/2013 64 31 1 50500 1
Kaur 01/11/2008 59 4 0 32000 1
Kaushik 01/05/2004 54 20 0 40000 1
Kavitha 01/05/2009 49 9 1 34500 1
Kesavaraj 01/06/2008 30 5 1 32500 1
Khasnobish 01/08/2013 41 4 1 32000 1
Khattab 01/10/2009 50 24 1 42000 1
Kiran 01/12/2001 26 3 0 31500 1
Kirubakaran 01/07/2010 22 2 1 31000 1
Kiruthikaa 01/10/2009 36 6 1 33000 1
Kkp 01/03/2014 52 18 1 39000 1
Kolikipogu 01/04/2003 52 10 0 35000 1
Kolla 01/01/2010 24 4 1 32000 1
Konar 01/03/2013 65 2 1 36000 1
Kotteeswaran 01/06/2012 53 30 1 45000 1
Koustav 01/07/2014 38 11 1 35500 1
Kowalski 01/11/2000 26 3 0 31500 1
Krishnamoorthy 01/03/2005 65 19 1 44500 1
Krishnamoorty 01/03/2005 50 15 0 37500 1
Krishnamurthi 01/09/2010 54 22 1 41000 1
Krishnan 01/06/2015 46 25 0 42500 1
Krishnaveni 01/08/2017 23 2 1 31000 1
Kulczycki 01/03/2001 54 7 1 33500 1
Kuljeet 01/12/2006 43 15 0 37500 1
Kulkarni 01/12/2003 45 17 0 38500 1
Kumar 01/01/2012 31 9 1 34500 1
Kumudha 01/08/2012 58 13 1 36500 1
Kunal 01/07/2004 51 3 0 31500 1
Lakshmi 01/07/2004 50 3 0 31500 1
Latha 01/03/2003 29 3 0 31500 1
Lavanya 01/04/2004 62 8 0 39000 1
Lawrence 01/04/2008 26 2 1 31000 1
Lebogang 01/08/2010 31 10 1 35000 1
Lee 01/06/2011 49 10 1 35000 1
Lehal 01/09/2017 30 2 1 31000 1
Leo 01/12/2013 22 2 0 31000 1
Lertnattee 01/07/2017 37 2 1 31000 1
Lija 01/09/2013 25 4 1 32000 1
Limam 01/10/2000 48 16 1 38000 1
Limmayya 01/10/2006 55 35 1 47500 1
Linda 01/05/2004 56 16 1 38000 1
Lingappan 01/01/2015 28 5 1 32500 1
Lueviphan 01/12/2003 24 3 1 31500 1
Maciej 01/02/2003 49 20 1 40000 1
Macklin 01/09/2016 62 16 0 43000 1
Madhava 01/06/2011 35 10 0 35000 1
Madhu 01/09/2008 29 5 1 32500 1
Madhuri 01/08/2016 36 3 0 31500 1
Mahadevi 01/01/2012 24 2 0 31000 1
Mahalakshmi 01/11/2017 48 21 1 40500 1
Mahalingam 01/11/2000 39 3 1 31500 1
Mahamad 01/09/2002 37 14 0 37000 1
Majumder 01/06/2017 64 42 0 56000 1
Mala 01/09/2015 57 17 1 38500 1
Malathi 01/06/2005 49 4 0 32000 1
Malavalli 01/04/2012 55 15 1 37500 1
Malik 01/11/2001 60 15 0 42500 1
Mamta 01/05/2000 23 2 1 31000 1
Manasa 01/05/2007 43 2 0 31000 1
Manavalan 01/01/2012 55 25 0 42500 1
Mandal 01/02/2007 37 12 1 36000 1
Mani 01/04/2003 65 15 1 42500 1
Manish 01/03/2010 62 29 0 49500 1
Manjira 01/11/2000 52 31 0 45500 1
Manju 01/03/2006 29 7 1 33500 1
Manjuladevi 01/05/2010 61 28 0 49000 1
Manjunath 01/07/2013 35 13 0 36500 1
Manjunatha 01/07/2009 23 3 1 31500 1
Manjup 01/11/2003 54 4 1 32000 1
Manoj 01/02/2007 65 21 0 45500 1
Manupriya 01/04/2009 58 21 0 40500 1
Marati 01/10/2000 22 2 1 31000 1
Marimuthu 01/07/2013 39 13 0 36500 1
Marshal 01/01/2015 45 23 1 41500 1
Mary 01/11/2002 41 17 0 38500 1
Mashiloane 01/05/2015 51 21 0 40500 1
Math 01/07/2003 48 8 1 34000 1
Mathew 01/04/2003 59 27 1 43500 1
Mathi 01/03/2002 45 25 0 42500 1
Mayilvaganam 01/01/2008 35 6 1 33000 1
Mchunu 01/10/2017 51 27 0 43500 1
Meena 01/07/2012 64 29 1 49500 1
Meenarani 01/08/2014 51 7 0 33500 1
Memon 01/06/2005 64 32 1 51000 1
Menaka 01/02/2009 25 2 0 31000 1
Michal 01/06/2007 61 3 0 36500 1
Midatala 01/08/2000 33 7 0 33500 1
Mike 01/02/2010 29 4 0 32000 1
Minhas 01/01/2002 51 10 0 35000 1
Minz 01/03/2003 26 6 0 33000 1
Mishra 01/09/2014 31 9 1 34500 1
Mitra 01/05/2004 26 5 1 32500 1
Mittal 01/09/2000 58 5 0 32500 1
Mogalla 01/10/2016 44 6 1 33000 1
Mohamed 01/01/2008 56 12 1 36000 1
Mohammad 01/05/2008 29 4 1 32000 1
Mohammed 01/06/2000 30 10 0 35000 1
Mohanasundharam 01/07/2005 59 13 0 36500 1
Mohit 01/08/2006 63 33 0 51500 1
Monalisa 01/01/2017 54 11 1 35500 1
Monica 01/07/2006 44 11 1 35500 1
Moulay 01/12/2010 34 10 1 35000 1
Mr.S.Aravinth 01/10/2009 52 16 1 38000 1
Mufti 01/08/2006 42 15 0 37500 1
Mukhopadhyay 01/05/2007 47 27 0 43500 1
Mukta 01/07/2004 56 17 1 38500 1
Munidhana 01/09/2012 31 10 0 35000 1
Murali 01/06/2011 24 3 1 31500 1
Murthy 01/12/2010 45 9 0 34500 1
Murugan 01/02/2005 59 31 1 45500 1
Mustafa 01/09/2001 59 24 0 42000 1
Muthukumar 01/12/2010 29 6 1 33000 1
Muthulaxmi 01/11/2014 65 45 0 57500 1
Nadia 01/01/2003 56 16 0 38000 1
Nadiammai 01/07/2000 48 10 0 35000 1
Naga 01/10/2012 64 4 1 37000 1
Nagappan 01/11/2012 44 12 0 36000 1
Nagaraja 01/06/2013 22 2 0 31000 1
Nagarajan 01/04/2000 47 11 0 35500 1
Nahla 01/01/2011 43 8 0 34000 1
Nair 01/08/2007 27 4 0 32000 1
Nallaperumal 01/07/2002 41 21 1 40500 1
Nalluri 01/10/2000 29 6 1 33000 1
Nanda 01/07/2000 30 8 0 34000 1
Nandini 01/03/2017 34 3 0 31500 1
Nandu 01/12/2004 62 25 1 47500 1
Napoleon 01/01/2006 25 4 1 32000 1
Narashimhamurthy 01/04/2001 52 7 0 33500 1
Narasimhamurthy 01/11/2009 55 13 0 36500 1
Narayanan 01/05/2009 50 24 0 42000 1
Narendran 01/02/2001 26 6 1 33000 1
Naseem 01/10/2007 22 2 1 31000 1
Nasrullah 01/06/2007 52 29 0 44500 1
Nataraj 01/07/2001 54 17 0 38500 1
Natarajan 01/03/2006 51 12 1 36000 1
Nath 01/03/2005 23 2 0 31000 1
Navamani 01/05/2005 58 29 0 44500 1
Naveena 01/03/2008 42 5 0 32500 1
Navjot 01/06/2003 34 12 1 36000 1
Nayak 01/08/2008 60 37 1 53500 1
Nazirabegum 01/01/2002 39 5 1 32500 1
Nelson 01/08/2009 32 4 0 32000 1
Neupane 01/04/2016 55 27 1 43500 1
Nidhi 01/01/2017 42 19 0 39500 1
Nikit 01/03/2007 40 18 1 39000 1
Ninu 01/11/2009 54 18 0 39000 1
Niranjan 01/04/2005 59 10 1 35000 1
Nirmalya 01/01/2016 48 24 0 42000 1
Nitendra 01/03/2000 33 10 0 35000 1
Nitin 01/04/2014 38 15 1 37500 1
Nongmaithem 01/12/2005 30 3 1 31500 1
Ogrodniczuk 01/12/2008 65 24 1 47000 1
Pachaiyappan 01/08/2006 35 10 1 35000 1
Padma 01/12/2003 38 5 1 32500 1
Padmaja 01/09/2002 46 13 0 36500 1
Padmapriya 01/11/2010 51 15 0 37500 1
Padmavathi 01/06/2002 51 27 0 43500 1
Paheli 01/12/2002 45 5 0 32500 1
Pal 01/11/2015 43 15 1 37500 1
Palaniappan 01/02/2017 39 3 0 31500 1
Palanisamy 01/04/2000 50 10 0 35000 1
Pallavi 01/08/2012 28 6 1 33000 1
Pallikonda 01/09/2000 25 5 1 32500 1
Paritosh 01/10/2005 26 6 0 33000 1
Park 01/07/2005 64 40 0 55000 1
Parthiban 01/06/2010 43 22 0 41000 1
Parveen 01/04/2000 49 11 1 35500 1
Pasuapthi 01/01/2001 59 5 1 32500 1
Pasupathi 01/04/2014 25 4 0 32000 1
Patel 01/01/2006 40 13 1 36500 1
Pathak 01/12/2004 64 6 0 38000 1
Patil 01/09/2000 39 13 0 36500 1
Patra 01/04/2007 46 20 1 40000 1
Paul 01/09/2014 35 9 1 34500 1
Pavai 01/03/2015 32 9 1 34500 1
Payal 01/05/2009 64 41 0 55500 1
Pazhani 01/03/2007 54 30 1 45000 1
Pazhanikumar 01/07/2015 56 13 1 36500 1
Pepsi 01/12/2001 54 18 1 39000 1
Perera 01/12/2011 30 5 1 32500 1
Perumalsamy 01/04/2015 65 3 1 36500 1
Pesaranghader 01/04/2006 48 12 1 36000 1
Pethalakshmi 01/07/2014 53 20 0 40000 1
Philip 01/12/2012 49 29 0 44500 1
Philomina 01/09/2016 56 24 0 42000 1
Piotr 01/05/2004 25 2 0 31000 1
Piryani 01/05/2011 61 19 0 44500 1
Ponnusamy 01/05/2011 60 22 1 46000 1
Pooja 01/10/2011 62 6 0 38000 1
Poonam 01/03/2014 53 21 0 40500 1
Poongodi 01/07/2001 55 30 0 45000 1
Poornima 01/04/2017 39 2 0 31000 1
Prabha 01/08/2013 24 2 0 31000 1
Prabhu 01/02/2004 49 5 1 32500 1
Pradeep 01/03/2011 56 13 0 36500 1
Pragya 01/09/2000 48 26 1 43000 1
Prakash 01/02/2010 58 11 0 35500 1
Prasad 01/11/2002 46 26 0 43000 1
Prasanthi 01/10/2011 60 22 0 46000 1
Prasath 01/01/2011 36 3 1 31500 1
Prasenjit 01/11/2009 42 5 0 32500 1
Prashanth 01/09/2014 32 8 1 34000 1
Pratibha 01/01/2017 26 6 0 33000 1
Praveen 01/05/2017 59 12 0 36000 1
Praveenkumar 01/11/2011 64 10 0 40000 1
Preet 01/08/2010 59 3 0 31500 1
Priya 01/08/2013 45 14 1 37000 1
Pruno 01/04/2005 46 17 1 38500 1
Przybylek 01/09/2015 56 11 0 35500 1
Pujari 01/08/2005 23 3 0 31500 1
Punithavathi 01/03/2006 36 10 1 35000 1
Qian 01/01/2002 63 22 1 46000 1
Rabi 01/12/2010 55 30 0 45000 1
Rachana 01/01/2011 32 9 0 34500 1
Rachid 01/05/2015 25 3 1 31500 1
Radha 01/03/2017 60 32 0 51000 1
Radhakrishnan 01/07/2011 27 6 1 33000 1
Ragavan 01/05/2011 22 2 0 31000 1
Raghavendra 01/04/2010 42 16 1 38000 1
Raimond 01/03/2011 39 5 0 32500 1
Raj 01/07/2016 53 12 1 36000 1
Raja 01/05/2016 51 21 1 40500 1
Rajam 01/05/2014 39 6 1 33000 1
Rajanikanth 01/12/2016 41 10 1 35000 1
Rajaprakash 01/01/2011 62 10 1 40000 1
Rajaraman 01/11/2013 65 40 1 55000 1
Rajasekaran 01/08/2006 28 3 1 31500 1
Rajendra 01/08/2011 61 7 1 38500 1
Rajendran 01/05/2008 37 8 1 34000 1
Rajesh 01/10/2009 34 9 1 34500 1
Rajeshkannan 01/11/2011 62 28 1 49000 1
Rajeswari 01/08/2015 53 18 1 39000 1
Rajinder 01/08/2017 63 29 1 49500 1
Rajinikanth 01/07/2000 22 2 0 31000 1
Rajiv 01/09/2017 39 2 0 31000 1
Raju 01/11/2011 59 26 1 43000 1
Rakesh 01/06/2001 25 3 0 31500 1
Raksha 01/10/2010 29 9 0 34500 1
Ram 01/12/2004 24 3 1 31500 1
Ramachandran 01/02/2006 29 2 0 31000 1
Ramadoss 01/11/2006 48 6 0 33000 1
Ramakrishna 01/10/2007 56 28 1 44000 1
Ramapriya 01/07/2008 65 14 1 42000 1
Ramar 01/03/2002 51 29 0 44500 1
Ramaraj 01/12/2017 53 27 0 43500 1
Ramaswamy 01/01/2008 54 18 1 39000 1
Ramesh 01/02/2005 56 21 1 40500 1
Rameshkumar 01/11/2015 36 7 0 33500 1
Ramji 01/08/2008 23 3 1 31500 1
Ramkumar 01/09/2013 62 21 1 45500 1
Ramraj 01/06/2005 34 2 0 31000 1
Ramrakhiyani 01/04/2006 53 29 1 44500 1
Ranga 01/07/2003 40 11 0 35500 1
Rangasamy 01/12/2016 51 19 0 39500 1
Rani 01/06/2008 45 10 0 35000 1
Rao 01/09/2001 45 24 0 42000 1
Ravi 01/03/2010 39 19 1 39500 1
Ravichandran 01/02/2008 45 2 1 31000 1
Ravikumar 01/05/2005 65 13 1 41500 1
Ravinder 01/05/2006 39 7 0 33500 1
Raviraj 01/09/2009 63 12 1 41000 1
Raza 01/01/2010 44 17 1 38500 1
Refka 01/12/2006 32 2 1 31000 1
Reilly 01/01/2002 28 5 1 32500 1
Rekha 01/07/2009 24 3 1 31500 1
Renuga 01/09/2007 57 25 1 42500 1
Rezaei 01/12/2007 46 11 1 35500 1
Riju 01/08/2010 50 24 1 42000 1
Rimi 01/04/2006 55 18 0 39000 1
Ritu 01/11/2016 23 3 1 31500 1
Robert 01/11/2003 28 5 0 32500 1
Rodd 01/02/2003 36 3 0 31500 1
Roy 01/05/2014 31 8 1 34000 1
Rudra 01/04/2006 48 11 1 35500 1
Rudresh 01/12/2005 61 27 1 48500 1
Sagayaraj 01/07/2008 51 13 0 36500 1
Saha 01/06/2012 65 14 1 42000 1
Sahana 01/10/2013 53 26 0 43000 1
Sai 01/03/2001 27 4 0 32000 1
Sakkarapani 01/10/2001 43 19 1 39500 1
Sakthi 01/09/2006 32 9 0 34500 1
Sakthivadivel 01/11/2009 63 9 0 39500 1
Sam 01/01/2012 23 3 1 31500 1
Samir 01/06/2002 55 5 0 32500 1
Sandeep 01/08/2012 40 10 0 35000 1
Sangeetha 01/01/2010 60 40 1 55000 1
Sanjeev 01/02/2011 63 11 1 40500 1
Sankaran 01/01/2005 33 7 1 33500 1
Sanket 01/07/2009 60 38 1 54000 1
Santhanam 01/06/2008 38 11 1 35500 1
Santosh 01/08/2011 32 2 0 31000 1
Saraf 01/12/2017 50 17 0 38500 1
Saranya 01/06/2002 58 7 0 33500 1
Saravanakumar 01/06/2014 46 23 0 41500 1
Saravanan 01/01/2004 55 3 0 31500 1
Sasi 01/09/2009 64 23 0 46500 1
Satheesh 01/02/2003 24 4 0 32000 1
Sathesh 01/11/2005 33 3 1 31500 1
Sathishkumar 01/12/2001 57 33 1 46500 1
Satish 01/01/2016 47 3 0 31500 1
Satvika 01/07/2013 36 14 0 37000 1
Satyanarayana 01/06/2000 52 12 1 36000 1
Seenivasagam 01/12/2008 43 6 0 33000 1
Sekar 01/10/2007 58 4 1 32000 1
Selva 01/06/2002 32 8 1 34000 1
Selvam 01/05/2004 45 15 0 37500 1
Selvamani 01/03/2012 34 3 1 31500 1
Selvanayaki 01/12/2005 62 28 1 49000 1
Selvi 01/05/2002 29 6 1 33000 1
Sen 01/09/2010 43 16 1 38000 1
Sendhilkumar 01/12/2015 45 19 1 39500 1
Sengottuvelan 01/01/2014 33 7 0 33500 1
Senthamilarsu 01/08/2008 38 18 1 39000 1
Senthilkumaran 01/11/2005 50 12 1 36000 1
Seshadri 01/10/2006 48 4 1 32000 1
Shah 01/03/2011 58 15 1 37500 1
Shalini 01/02/2013 23 2 0 31000 1
Shallu 01/01/2006 29 5 0 32500 1
Shambhu 01/12/2010 58 24 1 42000 1
Shankar 01/02/2002 24 4 1 32000 1
Shanmuga 01/09/2007 44 7 0 33500 1
Shanmugasundaram 01/01/2017 33 13 1 36500 1
Shanmugavadivu 01/03/2002 29 4 0 32000 1
Shantharamu 01/10/2013 43 5 1 32500 1
Sharan 01/02/2013 33 13 1 36500 1
Sharath 01/07/2016 47 5 1 32500 1
Sharma 01/08/2017 51 17 1 38500 1
Shashi 01/03/2014 32 6 0 33000 1
Shashikala 01/12/2006 53 20 1 40000 1
Shawket 01/04/2014 52 21 0 40500 1
Sheela 01/11/2001 26 4 0 32000 1
Shekhar 01/09/2000 62 31 1 50500 1
Shifferaw 01/03/2000 57 10 0 35000 1
Shikha 01/03/2017 33 8 0 34000 1
Shilpy 01/07/2012 59 10 0 35000 1
Shishir 01/12/2003 37 13 0 36500 1
Shivamurthy 01/12/2005 49 8 0 34000 1
Shivashankar 01/11/2006 55 28 0 44000 1
Shivkumar 01/07/2005 51 27 1 43500 1
Shreyas 01/07/2006 34 7 1 33500 1
Shreyasi 01/10/2013 41 17 0 38500 1
Shrivastava 01/01/2008 47 17 0 38500 1
Shyamal 01/07/2005 35 12 0 36000 1
Sibansu 01/02/2003 54 10 1 35000 1
Sikkandar 01/03/2010 26 6 0 33000 1
Simon 01/02/2017 43 18 1 39000 1
Singaravelan 01/06/2005 50 10 0 35000 1
Singh 01/12/2002 53 19 0 39500 1
Singla 01/05/2002 38 11 0 35500 1
Sinha 01/12/2003 51 31 0 45500 1
Sinthop 01/12/2013 50 28 0 44000 1
Sirisha 01/02/2012 35 4 1 32000 1
Sittalatchoumy 01/10/2009 43 2 0 31000 1
Sivachandiran 01/05/2004 29 7 0 33500 1
Sivaji 01/11/2005 45 13 0 36500 1
Sivakrithika 01/01/2007 60 7 0 38500 1
Sivakumar 01/05/2000 48 14 1 37000 1
Solanki 01/06/2003 49 24 0 42000 1
Somasundaram 01/07/2016 61 21 1 45500 1
Someswararao 01/08/2012 49 12 1 36000 1
Sonajharia 01/12/2006 57 9 0 34500 1
Sravan 01/05/2015 61 14 0 42000 1
Sreeja 01/07/2005 38 10 1 35000 1
Sreenivasa 01/02/2009 55 24 0 42000 1
Sridhar 01/10/2004 53 9 0 34500 1
Srinivas 01/09/2006 54 33 0 46500 1
Srinivasa 01/06/2005 40 20 1 40000 1
Srividhya 01/04/2009 60 6 1 38000 1
Subanivedhi 01/12/2005 39 4 1 32000 1
Subarna 01/03/2017 33 8 1 34000 1
Subashini 01/06/2010 51 28 0 44000 1
Subban 01/10/2002 32 9 1 34500 1
Subbareddy 01/01/2002 22 2 0 31000 1
Subbu 01/06/2004 43 6 0 33000 1
Subbu.D 01/11/2016 32 7 0 33500 1
Subburaj 01/11/2013 41 6 1 33000 1
Subetha 01/04/2016 27 3 0 31500 1
Subramanian 01/03/2010 50 15 0 37500 1
Subramanyam 01/01/2015 60 24 1 47000 1
Sudipta 01/06/2007 22 2 1 31000 1
Suganya 01/01/2001 40 2 0 31000 1
Sugney 01/11/2010 65 2 1 36000 1
Suhanya 01/06/2000 33 8 0 34000 1
Suhil 01/10/2017 39 8 0 34000 1
Sukumaran 01/09/2001 26 3 1 31500 1
Sumalatha 01/01/2003 50 5 1 32500 1
Suman 01/04/2016 38 3 0 31500 1
Sumana 01/02/2011 31 3 0 31500 1
Sumangala 01/09/2016 41 15 1 37500 1
Sumathi 01/07/2010 62 22 0 46000 1
Sumithra 01/12/2016 61 32 0 51000 1
Sundar 01/04/2003 42 10 0 35000 1
Sundara 01/10/2005 43 18 1 39000 1
Sundaramurthy 01/01/2017 37 8 1 34000 1
Sundeep 01/03/2017 58 10 1 35000 1
Sunder 01/05/2017 65 40 1 55000 1
Suneetha 01/09/2016 28 3 1 31500 1
Sunil 01/07/2014 37 8 0 34000 1
Sunny 01/08/2007 55 12 1 36000 1
Suresh 01/12/2008 52 21 1 40500 1
Suresha 01/10/2000 23 2 0 31000 1
Surya 01/07/2017 59 27 0 43500 1
Susheela 01/08/2007 52 15 0 37500 1
Sushil 01/10/2011 24 2 1 31000 1
Susmita 01/12/2001 27 2 0 31000 1
Suvajit 01/01/2013 61 11 0 40500 1
Swamy 01/01/2013 41 8 0 34000 1
Swarup 01/03/2011 22 2 1 31000 1
Tamali 01/05/2014 47 18 1 39000 1
Tarang 01/02/2013 36 10 1 35000 1
Tawfik 01/12/2001 40 11 1 35500 1
Thakur 01/01/2010 50 5 1 32500 1
Thamarai 01/05/2017 46 2 0 31000 1
Thangairulappan 01/03/2000 54 18 1 39000 1
Thangavel 01/09/2010 62 41 0 55500 1
Thankappan 01/02/2009 51 10 0 35000 1
Thankaraj 01/11/2016 39 17 1 38500 1
Thara 01/01/2015 30 7 0 33500 1
Thillaigovindan 01/06/2004 25 4 1 32000 1
Thimmiaraja 01/03/2005 50 20 0 40000 1
Thivaharan 01/03/2003 39 6 1 33000 1
Thiyagarajan 01/03/2000 63 37 0 53500 1
Thulase 01/04/2013 57 30 1 45000 1
Tibarewala 01/09/2012 62 28 0 49000 1
Tieyun 01/06/2017 24 2 1 31000 1
Tirthankar 01/09/2005 42 7 1 33500 1
Tiruvenkadam 01/01/2010 57 14 0 37000 1
Triny 01/01/2017 53 22 0 41000 1
Uddin 01/12/2004 29 4 0 32000 1
Udhayakumar 01/05/2007 22 2 1 31000 1
Uma 01/09/2003 57 11 1 35500 1
Umadevi 01/03/2006 61 25 0 47500 1
Umamaheswari 01/03/2004 23 2 0 31000 1
Vadivelou 01/06/2007 46 4 1 32000 1
Vaidehi 01/09/2006 26 2 0 31000 1
Vani 01/01/2005 56 29 1 44500 1
Varadharajan 01/02/2011 65 32 1 51000 1
Varuvel 01/09/2017 26 3 0 31500 1
Vasanthakumar 01/09/2017 41 3 1 31500 1
Vasanthi 01/12/2016 36 16 1 38000 1
Veerakumar 01/02/2004 65 37 0 53500 1
Veeraswamy 01/12/2014 43 21 0 40500 1
Velan 01/09/2011 56 21 0 40500 1
Velayutham 01/12/2010 62 7 0 38500 1
Venkatesh 01/02/2015 41 19 1 39500 1
Venkateswara 01/01/2006 59 15 0 37500 1
Verayuth 01/09/2013 61 20 1 45000 1
Vidya 01/02/2004 61 11 0 40500 1
Vijay 01/01/2017 33 7 1 33500 1
Vijaya 01/09/2004 48 2 1 31000 1
Vijender 01/03/2012 31 2 0 31000 1
Vincent 01/06/2001 42 17 0 38500 1
Vinod 01/03/2013 55 7 1 33500 1
Vipul 01/08/2003 44 10 1 35000 1
Vishal 01/09/2009 55 12 0 36000 1
Vishwakarma 01/11/2011 52 20 1 40000 1
Visu 01/08/2008 29 5 1 32500 1
Viswanadharaju 01/12/2002 41 21 0 40500 1
Viswanathan 01/04/2000 34 12 0 36000 1
Vivek 01/10/2004 34 4 0 32000 1
Vivekanandan 01/11/2016 52 21 0 40500 1
Vuppala 01/11/2001 33 12 0 36000 1
Waad 01/06/2017 36 14 0 37000 1
Wahi 01/04/2017 56 12 0 36000 1
Wei 01/01/2001 62 27 0 48500 1
Wilscy 01/10/2004 58 8 1 34000 1
Wiselin 01/09/2004 51 26 1 43000 1
Woon 01/07/2000 55 7 1 33500 1
Xavier 01/01/2006 47 11 0 35500 1
Yashwanth 01/02/2017 65 15 1 42500 1
Yenatfanta 01/11/2010 26 5 1 32500 1
Yuanhao 01/10/2000 36 10 1 35000 1
Zada 01/07/2009 34 10 1 35000 1
Zeyar 01/05/2003 41 12 1 36000 1
Zhang 01/07/2013 45 4 0 32000 1
Zhao 01/11/2001 56 15 1 37500 1
